Lisboa
Pluviosidade(mm):	95.2	 86.7	 84.7	 59.5	 44.4	 17.9	 4.3	 5.2	 33.0	 74.7	 99.6	 96.7
Temperatura(C):		10.5	11.3	12.8	14.5	16.7	19.4	21.5	21.9	20.4	17.4	13.7	11.1

Coimbra
Pluviosidade(mm):	113.2	106.0	110.8	 90.1	 76.9	 45.0	 15.8	 13.1	 53.8	 95.7	123.0	117.3
Temperatura(C):		9.3	10.3	11.8	13.5	16.0	18.9	20.8	21.1	19.7	16.1	12.3	9.7

Porto
Pluviosidade(mm):	163.5	142.3	123.2	111.1	 89.9	 51.6	 19.3	 24.7	 67.1	145.4	165.7	156.7
Temperatura(C):		9.2	10.3	11.5	13.3	15.7	18.5	20.1	20.1	18.8	15.7	12.1	9.4

Faro
Pluviosidade(mm):	 80.2	 64.7	 42.4	 39.9	 21.7	 11.4	 1.2	 1.1	 12.0	 59.7	 98.0	 88.8
Temperatura(C):		12.0	12.5	13.7	15.2	17.8	20.7	23.3	23.6	22.0	18.8	15.1	12.7

